.Random.seed <-
c(403L, 10L, -446063516L, 1578068903L, 299795709L, 31383796L, 
1363220442L, -174535899L, 1698863679L, -725392954L, -645245360L, 
-1230902669L, -382349679L, 1201559232L, 1054703774L, 1095806057L, 
-1129564005L, -1190692438L, -1670913588L, 86658191L, 1196786885L, 
1692288124L, -1357924142L, 1521686605L, 753275143L, -616962834L, 
1223511496L, 1467396811L, 1547008809L, 1178409848L, -1644273498L, 
2116147905L, 259361619L, -151177214L, -1685957324L, 1754308279L, 
326812333L, -969567292L, -1915880470L, 1224426581L, -1457055249L, 
453493238L, -840968416L, 1759004899L, -903881343L, 1265941488L, 
-613719410L, 349361657L, -128333941L, -1735928902L, -1302746436L, 
-925556225L, 1323741013L, -1322768276L, 1844616386L, 958822173L, 
-298898025L, -1629745922L, 976656056L, -974821221L, 1488783097L, 
-732919736L, -1024754826L, 1171693233L, -808120605L, 1679056306L, 
615122436L, -290456249L, -156911587L, -956834156L, -283470278L, 
2036824197L, 1939434847L, -1982183962L, 1136704624L, 1302634387L, 
582170673L, -991021344L, 2069823358L, -777144823L, -1384292805L, 
1200701450L, 887185388L, 802657391L, -489526363L, -758297764L, 
-1695934670L, 1705240109L, -939741977L, -639238642L, -435928088L, 
-1909989909L, 1141573257L, -1056819688L, -81363642L, -1950573663L, 
-476064205L, -975828062L, 295911060L, 1141234967L, 136268557L, 
1259346468L, -213614070L, 1925159797L, 272400079L, 2139591126L, 
2058517888L, 1338078659L, 316642145L, 1175202256L, 820928814L, 
-1074951975L, 737116907L, -757297318L, 40171804L, 1319981087L, 
-1604191115L, 2086775052L, 2019239138L, -1057051203L, -634136009L, 
1418422494L, 1313391640L, -455582853L, 1799572249L, 1258551208L, 
1635080022L, 1306267601L, 1949797251L, -1405391342L, -1248048732L, 
-278893209L, -1453485379L, -62090700L, 1288047002L, 177534437L, 
-435089025L, -806110970L, -2099715440L, -575298765L, -1470089007L, 
1465760384L, -455472290L, -1534666583L, 1551940443L, -1226757782L, 
1188830220L, -98567089L, 451030277L, 214158780L, -1208555374L, 
333040525L, 406940615L, 803319982L, 390709512L, 1617387275L, 
-1349129751L, -9425224L, -2049820314L, 585923073L, 2111927443L, 
690769730L, 1286848756L, 1944698103L, 1409955053L, -2144614524L, 
-1224525398L, -1758765291L, -1337459281L, 1849378230L, 938679264L, 
-877956317L, -1675627455L, 173221680L, -1397373618L, 1003636665L, 
-46661173L, -1097325958L, -1274796164L, -930338881L, 216543381L, 
-40616276L, 1171754114L, -2027750307L, -1311005865L, 305569342L, 
-808693128L, 1451082075L, 645861561L, 587514120L, -313584714L, 
-1377185551L, 325281571L, 12083570L, 1408480196L, -948977785L, 
22578525L, 496237396L, -188235398L, -123384635L, -1493340641L, 
-2092308058L, 1139157808L, 823618003L, 2126712817L, 281024800L, 
1771112382L, -105101367L, 1913735035L, -205021878L, 410565036L, 
799339695L, 1199050341L, 1186207260L, -1644541838L, -1731170579L, 
-53202137L, 1038643022L, -1920661592L, -1848085589L, -674074423L, 
543881432L, 2135590278L, 157088865L, -123916813L, 1082928226L, 
-1651643692L, -593265705L, 1209160141L, -923982684L, -1368495432L, 
682891610L, -1696667248L, 1567086460L, 535218452L, 1431535426L, 
28495616L, -669535300L, 1503871824L, -1974407390L, -1024199352L, 
211742220L, -2089359268L, -413617966L, 1980374528L, -1703681708L, 
-24719896L, 1122970618L, -1116373808L, -1235609300L, -2022623500L, 
307535250L, 1350725728L, 1047590156L, -1190335776L, 2046299490L, 
-169794904L, -1110873524L, -979176068L, 792504626L, 474348656L, 
-714740924L, -1019805224L, 2015323258L, 260810288L, -505765188L, 
-2040392876L, -1721999294L, -1816901216L, -527755588L, -1382085168L, 
-76632734L, -653662232L, -1940430900L, -364838148L, -70580750L, 
324123776L, -1075521292L, 1555080L, 539208506L, 1364047696L, 
1513355884L, -1091909484L, -1993277102L, 1340106464L, 1711675084L, 
356325536L, 778540930L, 448562920L, -1129054484L, -308551620L, 
-2123897230L, -21466000L, 2065209892L, 1739843640L, -466096102L, 
1261201104L, -1038885828L, -1286120300L, 1798654082L, 1970372544L, 
1061079356L, -307698032L, 306274338L, 1165686792L, 514825356L, 
16208924L, -946451822L, -1133719424L, 631628820L, -1152304856L, 
-852190662L, 1276540112L, -1997630356L, -686969164L, -529905646L, 
42436576L, -1024957492L, 972357088L, 2030649890L, 1693592872L, 
-454417140L, 1037852220L, -633138958L, 1316835056L, 1743941444L, 
-1357152680L, 103008826L, -1474105616L, -378793796L, -1089367532L, 
1788056770L, -1321126816L, 1714781564L, -487763760L, 543966242L, 
-869245272L, 669025164L, 2112523708L, 1181154354L, 984655680L, 
7414964L, -1295390904L, -619869510L, -337920240L, 1175575788L, 
827933780L, -1894027502L, -93112416L, 2046055372L, 811578208L, 
1465107650L, -1838737880L, 155964844L, -1116001476L, 1415919474L, 
1744394032L, -1431071196L, 826778680L, -1964130086L, 2139886992L, 
409418492L, -1148972140L, -2004625598L, 321773056L, -285047236L, 
1997949520L, -2048797022L, -1227898040L, -577064436L, 1711405276L, 
1887091282L, 1486934144L, 21023572L, 1170777576L, 1933819642L, 
-1959982256L, -1623839700L, -70760076L, 1386149522L, -1685434784L, 
650389132L, -209193120L, -230384926L, 283324584L, -1802945332L, 
-248258052L, 994164658L, -1273976336L, 269059524L, -784475304L, 
1781763962L, 1736152496L, -1533274692L, 2045412436L, -1574484030L, 
-1402329312L, 1058519996L, 154588752L, -1573426718L, -1485761176L, 
-578343604L, -2124999428L, -1376740622L, 1546625792L, -884896140L, 
216093704L, 876247482L, 332821456L, 1447454188L, 537579412L, 
-669237550L, -1100756384L, -360686260L, -2037079776L, 342883970L, 
-1678854680L, -2021461012L, 796547644L, 607229554L, -1387426960L, 
883896612L, 620569144L, 1853634970L, -1638724144L, -1870021188L, 
1784153236L, -1395087230L, 196238784L, 947363644L, -440266608L, 
1504766754L, -1762174456L, 268462348L, 175266204L, 1955596818L, 
2033024896L, 604302100L, -1529491160L, 1244829754L, -620717104L, 
-1961873812L, 651792948L, -466057582L, -1801687712L, -1771697844L, 
1671971808L, -112627294L, -872425048L, 621385356L, -756838980L, 
-1167588750L, -658174992L, -1341164988L, 776515672L, 632226874L, 
35124656L, -944418866L, -77245189L, -1523383459L, -179238774L, 
371938984L, -421873135L, 1402800899L, 2629124L, 2058030642L, 
1437445767L, -1018961199L, -1218907050L, -874890188L, 868704069L, 
123495823L, 560817416L, -1636763866L, -1156573229L, -131098315L, 
1644761234L, -1823485856L, -2047605303L, 1069145339L, -1605348660L, 
-1570080934L, -1541930417L, -168646887L, 937218350L, -700812484L, 
-1073686355L, 185236311L, 937324192L, -1639569410L, -1717129525L, 
743342285L, 906626042L, -1410961352L, 1328073185L, -560172397L, 
1994938548L, -102987326L, 1236382167L, -488038879L, 218093030L, 
-1996346140L, 1996002325L, 1175471167L, 1054378968L, 1979112950L, 
-2045485565L, 861116741L, -1951548062L, -39756080L, 1079343609L, 
979274027L, -724503908L, 718903498L, -1283124801L, 1367700745L, 
1192293918L, -644764724L, 644262301L, -1851841497L, -1275663792L, 
697276142L, 1250373531L, 547036669L, 1430290666L, -436821112L, 
-1426830031L, 2019046819L, -888348252L, -465046446L, -529657945L, 
837094385L, -1328271562L, 22809556L, 931012965L, -1288315537L, 
-514252888L, -1803102970L, 1730698291L, 1683290773L, 2100054770L, 
-2064075968L, 849385641L, 1802980635L, 16554732L, 1453082362L, 
-478554321L, 1644582713L, 1273694542L, 1654634396L, 1721013517L, 
284032887L, -90973312L, -1905110562L, -687757653L, -1141765715L, 
1359044122L, -737943336L, -738366143L, -574634509L, -725408748L, 
-1269061214L, -842629449L, -45524863L, -141873018L, 1924916420L, 
-815087115L, 1633098847L, -1052115272L, -1915998314L, 1236673955L, 
-49301147L, -846499710L, 377371120L, 1337405337L, -470939253L, 
-1648290692L, 1472265898L, -1860831009L, -911733143L, -250487682L, 
-1496681364L, -1017256771L, 1395588487L, 481220976L, 1667537934L, 
463581499L, 1636924957L, -956448054L, -45765144L, 801551057L, 
2119757507L, 1025426884L, 340882034L, 183159623L, -1959267567L, 
773734038L, 1268823028L, -1353695867L, 94032079L, -2121451064L, 
744380518L, -602124653L, -101474827L, 1723113426L, -1475937248L, 
